0481112976
0031112009
0041112504
0081111406
0099111306
0093511233
0442361130
5532252350
0532250600
0032240000
----

1 5 9  2  2 2 3 10 8 7
1 1 4  2  2 2 3 1  1 10
1 1 5  2  2 2 3 6  1 5
1 1 9  2  2 2 2 5  1 7
1 1 10 10 2 2 2 4  1 7
1 1 10 4  6 2 2 3  4 4
1 5 5  3  4 7 2 2  4 1
6 6 4  3  3 6 3 4  6 1
1 6 4  3  3 6 1 7  1 1
1 1 4  3  3 5 1 1  1 1

-----11
1 5 9  2  2 2 4 0  0 9
1 1 4  2  2 2 4 3  4 0
1 2 6  3  2 2 3 6  2 6
1 3 0  5  3 2 2 5  1 7
1 4 0  0  3 2 2 4  1 7
1 3 0  7  7 2 2 3  4 4
1 6 6  4  4 7 2 2  4 1
6 6 4  3  3 6 3 4  6 1
1 6 4  3  3 6 1 7  1 1
1 1 4  3  3 5 1 1  1 1
--------
2 6 10 3  3 3 5 1  1 10
2 2 5  3  3 3 5 4  5 1
2 3 7  4  3 3 4 7  3 7
2 4 1  6  4 3 3 6  2 8
2 5 1  1  4 3 3 5  2 8
2 4 1  8  8 3 3 4  5 5
2 7 7  5  5 8 3 3  5 2
7 7 5  4  4 7 4 5  7 2
2 7 5  4  4 7 2 8  2 2
2 2 5  4  4 6 2 2  2 2
-----12
2 7 F  4  3 3 5 1  2 F
2 3 6  4  3 3 5 4  6 2
2 3 7  4  3 3 4 7  3 7
2 4 1  6  4 3 3 6  2 8
2 5 1  1  4 3 3 5  2 8
2 4 1  8  8 3 3 4  5 5
2 7 7  5  5 8 3 3  5 2
7 7 5  4  4 7 4 5  7 2
2 7 5  4  4 7 2 8  2 2
2 2 5  4  4 6 2 2  2 2
-------13
3 8 1  5  4 4 6 2  3 1
3 4 7  5  4 4 6 5  7 3
3 4 8  5  4 4 5 8  4 8
3 5 2  7  5 4 4 7  3 9
3 6 2  2  5 4 4 6  3 9
3 5 2  9  9 4 4 5  6 6
3 8 8  6  6 9 4 4  6 3
8 8 6  5  5 8 5 6  8 3
3 8 6  5  5 8 3 9  3 3
3 3 6  5  5 7 3 3  3 3
-----
4 9 2  6  5  5  7 3  4 2
4 5 8  6  5  5  7 6  8 4
4 5 9  6  5  5  6 9  5 9
4 6 3  8  6  5  5 8  4 10
4 7 3  3  6  5  5 7  4 10
4 6 3  10 10 5  5 6  7 7
4 9 9  7  7  10 5 5  7 4
9 9 7  6  6  9  6 7  9 4
4 9 7  6  6  9  4 10 4 4
4 4 7  6  6  8  4 4  4 4
-----14
4   9   2   6   5   5   7   3   4   2
4   5   8   6   5   5   7   6   9   5
4   5   9   6   5   5   6   9   7   F
4   6   3   8   6   5   5   8   7   F
4   7   4   5   8   6   5   7   6   F
5   7   7   F   F   8   6   6   8   8
7   F   F   F   F   F   9   8   9   5
F   F   F   F   F   F   F   F   F   5
7   F   F   F   F   F   F   F   7   5
5   7   F   F   F   F   8   6   5   4
-----15
6   F   7   F   F   F   F   8   7   4
6   9   F   F   F   F   F   F   F   8
5   8   F   F   F   F   F   F   F   4
5   8   7   F   F   F   F   F   F   4
5   8   6   9   F   F   F   F   F   5
6   8   8   2   4   F   F   F   F   F
8   1   1   1   2   4   F   F   F   9
1   1   1   1   1   2   3   4   3   7
8   1   1   1   1   1   1   1   8   6
6   8   1   1   1   1   9   7   6   5
------
7   1   8   1   1   1   1   9   8   5
7   10  1   1   1   1   1   1   1   9
6   9   1   1   1   1   1   1   1   5
6   9   8   1   1   1   1   1   1   5
6   9   7   10  1   1   1   1   1   6
7   9   9   3   5   1   1   1   1   1
9   2   2   2   3   5   1   1   1   10
2   2   2   2   2   3   4   5   4   8
9   2   2   2   2   2   2   2   9   7
7   9   2   2   2   2   10  8   7   6
------16
9   3   9   1   1   1   1   9   8   5
F   F   3   1   1   1   1   1   1   9
F   F   5   2   1   1   1   1   1   5
F   F   F   4   2   1   1   1   1   5
F   F   F   F   2   1   1   1   1   6
F   F   F   6   6   1   1   1   2   2
F   6   4   3   3   5   1   1   2   F
3   3   2   2   2   3   4   5   5   9
9   2   2   2   2   3   3   3   9   7
7   9   2   2   2   3   F   9   7   6
------17
F   6   F   3   2   2   3   F   F   8
2   3   5   3   2   2   3   4   5   F
1   1   6   3   2   2   2   2   3   7
1   1   1   5   3   2   2   2   2   6
1   1   1   1   3   2   2   2   2   7
1   1   1   7   7   2   2   2   3   3
1   7   5   4   4   6   2   2   4   2
5   5   3   3   3   4   5   7   9   F
F   6   4   3   3   4   5   7   F   F
F   F   4   3   3   4   2   F   F   F
------
1   7   1   4   3   3   4   1   1   9
3   4   6   4   3   3   4   5   6   1
2   2   7   4   3   3   3   3   4   8
2   2   2   6   4   3   3   3   3   7
2   2   2   2   4   3   3   3   3   8
2   2   2   8   8   3   3   3   4   4
2   8   6   5   5   7   3   3   5   3
6   6   4   4   4   5   6   8   10  1
1   7   5   4   4   5   6   8   1   1
1   1   5   4   4   5   3   1   1   1
-----18
1   7   1   4   3   3   4   1   1   9
3   4   6   4   3   3   4   5   6   1
2   2   7   4   3   3   3   3   4   8
2   2   2   6   4   3   3   3   3   7
2   2   2   2   4   3   3   3   3   8
2   2   2   8   8   3   3   3   4   4
2   8   6   5   5   7   3   4   6   4
6   6   4   4   4   5   6   9   F   2
1   7   5   4   4   5   6   9   2   2
1   1   5   4   4   5   3   1   1   1
-------
2   8   2   5   4   4   5   2   2   10
4   5   7   5   4   4   5   6   7   2
3   3   8   5   4   4   4   4   5   9
3   3   3   7   5   4   4   4   4   8
3   3   3   3   5   4   4   4   4   9
3   3   3   9   9   4   4   4   5   5
3   9   7   6   6   8   4   5   7   5
7   7   5   5   5   6   7   10  1   3
2   8   6   5   5   6   7   10  3   3
2   2   6   5   5   6   4   2   2   2
------19
2   8   2   5   4   4   5   2   3   F
4   5   7   5   4   4   5   6   8   3
3   3   8   5   4   4   4   4   5   9
3   3   3   7   5   4   4   4   4   8
3   3   3   3   5   4   4   4   4   9
3   3   3   9   9   4   4   4   5   5
3   9   7   6   6   8   5   6   8   5
7   7   5   5   5   6   9   F   3   3
2   8   6   5   5   6   9   F   5   3
2   2   6   5   5   6   5   3   3   2
